23856
23911
23912
23913
23915
23933
23937
23941
24018
24031
24038
24046
24053
24078
24119
24137
24143
24149
24199
24321
24334
24341
24351
24362
24441
24458
24468
24484
24497
24625
24640
24645
24653
24665
24706
24712
24752
24765
24793
24802
24833
24834
24835
24836
24837
24838
24839
24840
24841
24842
24843
24844
24845
24846
24885
24892
24896
24901
24912
24923
24926
24932
24937
24968
24980
24984
24990
24997
25014
25022
25024
25029
25037
25043
25048
25055
25058
25082
25090
25095
25143
25144
25153
25156
25188
25191
25213
25216
25239
25244
25261
25268
25271
25285
25292
25521
25522
25523
25524
25525
25526
25527
25528
25529
25530
25573
25574
25575
25576
25577
25578
25579
25580
25581
25582
25583
25584
25585
25586
25587
25588
25589
25590
25591
25592
25593
25594
25595
25596
25597
25598
25599
25600
25601
25602
25603
